8 0.625358 0.516312 0.106885 0.124515 0.925415
1 0.25693 0.513674 0.152782 0.178952 0.922322
3 0.772885 0.314085 0.178947 0.0934304 0.914449
0 0.50476 0.18431 0.214415 0.100611 0.89743
5 0.529069 0.578111 0.0977599 0.0830985 0.89186
11 0.260812 0.685973 0.0892168 0.10563 0.889809
9 0.868587 0.399736 0.123987 0.0775364 0.881086
2 0.202217 0.166067 0.0708654 0.142951 0.879549
22 0.882602 0.22629 0.0791989 0.103198 0.878448
8 0.680688 0.635939 0.116536 0.0826503 0.876104
11 0.355601 0.660577 0.0729399 0.0907811 0.87095
9 0.583094 0.419652 0.0812019 0.101668 0.86816
10 0.703575 0.914026 0.0680304 0.100421 0.868027
4 0.433832 0.617347 0.0814167 0.157933 0.868005
3 0.153459 0.579633 0.0845832 0.122026 0.867013
1 0.340013 0.375686 0.232548 0.0769066 0.863261
2 0.829466 0.203913 0.0767652 0.154854 0.85917
10 0.414532 0.304008 0.110559 0.0857489 0.853462
6 0.768103 0.499297 0.101361 0.0799932 0.852112
5 0.886589 0.58563 0.0549808 0.112613 0.835819
13 0.268793 0.0938562 0.0510931 0.0903284 0.832948
15 0.733257 0.38773 0.070118 0.0752429 0.816515
0 0.192042 0.171887 0.241712 0.0840133 0.815796
7 0.542204 0.474101 0.109252 0.056448 0.807888
13 0.398816 0.377195 0.0785021 0.0826991 0.80265
6 0.279936 0.298218 0.142241 0.0568831 0.786689
19 0.742811 0.0922292 0.051478 0.0681293 0.764655
4 0.205424 0.251874 0.181764 0.0524917 0.759496
12 0.333585 0.0642843 0.11871 0.0594063 0.759117
19 0.717037 0.555625 0.0451926 0.0612473 0.747163
12 0.424324 0.117088 0.123317 0.0544891 0.73468
17 0.760131 0.665449 0.055759 0.0632368 0.730474
16 0.809367 0.272454 0.0843874 0.0619972 0.729937
15 0.634795 0.871315 0.0945743 0.0667794 0.72965
22 0.830355 0.946043 0.164695 0.0441262 0.71994
21 0.308439 0.400387 0.0650223 0.0505954 0.688908
14 0.309282 0.468757 0.0626461 0.0863612 0.658533
16 0.905752 0.474955 0.0871143 0.0429549 0.636742
18 0.889567 0.884353 0.082078 0.050361 0.62733
18 0.669752 0.428034 0.0802755 0.0415224 0.626522
7 0.578753 0.666701 0.144223 0.0409988 0.623609
20 0.240999 0.567698 0.0492815 0.0524663 0.593278
20 0.600505 0.0554415 0.075781 0.0399752 0.591024
21 0.235194 0.279434 0.0661666 0.043411 0.58267
17 0.591894 0.281769 0.0968572 0.0430651 0.578649
14 0.538818 0.53238 0.109296 0.0375337 0.549707
7 0.579302 0.674061 0.145953 0.0410675 0.379009
22 0.83127 0.954001 0.166302 0.0476649 0.354263
17 0.593731 0.290224 0.100229 0.0450727 0.342595
20 0.601593 0.0636829 0.0755358 0.0413398 0.298172
18 0.889965 0.892893 0.0800788 0.0516123 0.254138
21 0.236329 0.288989 0.0680918 0.0458142 0.253383
6 0.852995 0.54074 0.0883325 0.0975707 0.948594
0 0.546288 0.245026 0.124867 0.160155 0.928578
1 0.795895 0.717929 0.120246 0.195265 0.928545
0 0.509295 0.796842 0.176302 0.111332 0.927465
3 0.306477 0.159274 0.0893945 0.127856 0.918041
2 0.643874 0.775963 0.113081 0.133962 0.915694
9 0.828936 0.560037 0.120693 0.0967649 0.903795
5 0.46158 0.0539404 0.0783588 0.0981331 0.897162
4 0.487485 0.5266 0.113646 0.084345 0.895892
4 0.512919 0.592806 0.0742583 0.134027 0.884657
8 0.541521 0.460898 0.116042 0.0811556 0.884317
3 0.615598 0.645701 0.117279 0.11415 0.881976
16 0.922052 0.493122 0.0552212 0.0879408 0.86931
18 0.177886 0.342584 0.0572542 0.0575088 0.869212
7 0.404965 0.346118 0.0862889 0.0662025 0.862605
2 0.384726 0.102159 0.0645081 0.146449 0.860427
5 0.707115 0.299653 0.0874292 0.0854002 0.857003
13 0.179008 0.422812 0.0370213 0.101011 0.855005
12 0.765009 0.346735 0.0707938 0.0920666 0.85454
19 0.296296 0.084803 0.0484406 0.0614522 0.844842
14 0.728667 0.543639 0.0707275 0.100763 0.841477
1 0.368535 0.544007 0.0447809 0.205411 0.839228
22 0.530199 0.75974 0.113872 0.0444693 0.835422
8 0.426529 0.112589 0.123129 0.0467662 0.828301
15 0.763077 0.454504 0.0371973 0.0909226 0.82357
14 0.273288 0.20161 0.0761288 0.0700469 0.823429
13 0.519405 0.363294 0.0565415 0.0903689 0.821606
11 0.71626 0.670317 0.110765 0.0562216 0.818402
17 0.138139 0.429802 0.0450544 0.0779689 0.815585
17 0.0613639 0.417562 0.0647578 0.0681909 0.794672
15 0.302693 0.23376 0.0708723 0.0545079 0.791152
16 0.878536 0.363119 0.0409424 0.0947156 0.790105
10 0.594619 0.922587 0.117185 0.0533973 0.788619
21 0.464615 0.709259 0.0517058 0.0638327 0.782342
6 0.725172 0.549617 0.106436 0.0484944 0.779771
11 0.698389 0.355222 0.0957074 0.0473043 0.777446
12 0.468648 0.585166 0.0852901 0.0462185 0.748773
10 0.838432 0.432321 0.113318 0.0465381 0.731926
7 0.627681 0.436078 0.0990514 0.0520571 0.729954
9 0.350399 0.138021 0.0387381 0.136954 0.722508
20 0.582394 0.544347 0.034462 0.0636712 0.718088
18 0.652517 0.660971 0.0615921 0.0473351 0.709392
21 0.309205 0.276034 0.0517813 0.0377724 0.703178
19 0.412017 0.491861 0.0610965 0.037737 0.663101
20 0.366767 0.420341 0.0509482 0.0490932 0.654672
23 0.395144 0.258409 0.0598241 0.0435089 0.630524
0 0.462692 0.672679 0.172514 0.135791 0.95748
5 0.745211 0.510188 0.102011 0.0623105 0.933669
0 0.7194 0.139275 0.0787854 0.187718 0.926632
1 0.849532 0.619417 0.12766 0.0922186 0.912211
8 0.540436 0.748307 0.0997738 0.0974152 0.908032
22 0.394472 0.424854 0.104757 0.0698986 0.901975
22 0.631886 0.867554 0.0812117 0.0618713 0.899543
7 0.89255 0.5415 0.103738 0.0662699 0.895125
11 0.119436 0.346672 0.0924035 0.0983376 0.889285
2 0.632949 0.306958 0.0886306 0.082741 0.888764
11 0.712608 0.316181 0.0557227 0.102301 0.886322
1 0.694826 0.718182 0.0603808 0.177117 0.882507
6 0.723345 0.15718 0.0979181 0.079093 0.882053
9 0.781546 0.426425 0.0695319 0.106894 0.877833
3 0.15231 0.577435 0.104368 0.0781975 0.875162
4 0.242062 0.454789 0.0746532 0.11529 0.874907
12 0.344531 0.322936 0.0792655 0.0833638 0.874723
10 0.815954 0.0731586 0.0785681 0.0931686 0.871671
9 0.111623 0.650058 0.0731635 0.117543 0.871276
2 0.218118 0.540868 0.0596256 0.144018 0.869447
15 0.673191 0.584865 0.0548184 0.0697841 0.868493
7 0.479065 0.412144 0.0778146 0.0932132 0.86347
16 0.694915 0.944994 0.0512906 0.0811782 0.86241
10 0.852718 0.66779 0.0438846 0.10616 0.86189
4 0.277778 0.630088 0.123511 0.109172 0.857961
5 0.248456 0.287356 0.0620942 0.0954377 0.857339
6 0.549662 0.314062 0.136283 0.0400378 0.856849
13 0.458174 0.576103 0.0783891 0.0716136 0.854733
3 0.514537 0.278441 0.177832 0.0492604 0.821966
12 0.781752 0.0879439 0.0587153 0.0764953 0.812472
15 0.634556 0.739974 0.0500668 0.077009 0.811548
8 0.488712 0.849293 0.0520456 0.135152 0.802893
14 0.465561 0.511512 0.100271 0.0529247 0.791314
16 0.35417 0.458169 0.0662924 0.0631785 0.791279
18 0.766886 0.328749 0.048697 0.0612949 0.786505
17 0.547904 0.337652 0.0766191 0.0430464 0.772882
19 0.509018 0.600888 0.05081 0.0588611 0.770987
19 0.269028 0.53174 0.0437116 0.0587819 0.760408
14 0.730336 0.390889 0.0990726 0.0288496 0.737267
13 0.383121 0.865216 0.122314 0.0446936 0.683608
21 0.622976 0.300133 0.0640373 0.0384419 0.675378
20 0.226946 0.39165 0.0596582 0.0427995 0.66661
21 0.74292 0.764912 0.0727383 0.0342322 0.65459
20 0.202431 0.551014 0.0424525 0.0481859 0.634847
18 0.796449 0.3679 0.0773064 0.0318899 0.630742
5 0.60414 0.134677 0.0820767 0.0584376 0.576047
19 0.708452 0.419823 0.07842 0.0342949 0.572446
20 0.203262 0.55904 0.0410226 0.0487233 0.256312
22 0.66465 0.787676 0.11074 0.0911395 0.937115
0 0.720815 0.573226 0.145072 0.0901611 0.923346
1 0.639975 0.478149 0.128613 0.146405 0.922107
4 0.746485 0.679975 0.098717 0.132462 0.921103
1 0.825981 0.348098 0.117837 0.127361 0.917256
8 0.0693329 0.43902 0.115841 0.108568 0.915399
12 0.733244 0.534506 0.0438416 0.0962129 0.903832
8 0.821952 0.910531 0.123995 0.115228 0.903133
13 0.935461 0.8331 0.0577038 0.099756 0.899998
3 0.109289 0.210703 0.07866 0.146453 0.899699
9 0.53378 0.75663 0.126583 0.0786093 0.895709
10 0.166725 0.392702 0.0688282 0.112956 0.890912
3 0.321202 0.716543 0.0624345 0.163455 0.877904
4 0.485088 0.534134 0.114831 0.0832561 0.877815
0 0.805628 0.723186 0.165978 0.0802101 0.875674
2 0.902096 0.595987 0.0638706 0.151148 0.875013
9 0.779343 0.574909 0.0988174 0.0811671 0.872273
5 0.544004 0.828076 0.0682907 0.102298 0.87172
5 0.672577 0.760276 0.0989977 0.0742091 0.86868
7 0.8222 0.46788 0.0999919 0.0526749 0.85908
7 0.613398 0.463349 0.0804843 0.0910184 0.858595
15 0.152823 0.0445112 0.0364179 0.0837387 0.85818
18 0.208379 0.302285 0.0386312 0.0642967 0.855829
12 0.402802 0.624894 0.0410323 0.0927156 0.850459
19 0.376979 0.830216 0.0510387 0.0589392 0.850331
11 0.457089 0.509439 0.084251 0.104358 0.848848
16 0.469082 0.702605 0.0472091 0.0770246 0.842751
15 0.56095 0.63482 0.0616325 0.0622425 0.837961
2 0.588625 0.408748 0.138421 0.0702768 0.836976
11 0.577451 0.405266 0.0684958 0.0880732 0.836868
6 0.626462 0.56148 0.0957817 0.0672979 0.835047
13 0.419306 0.329013 0.048288 0.0963385 0.833136
8 0.589364 0.408501 0.139135 0.0723788 0.832788
6 0.470858 0.370386 0.0948166 0.0567032 0.831969
16 0.623547 0.71998 0.0620614 0.0488513 0.819397
17 0.214689 0.248707 0.0453581 0.0594933 0.806333
18 0.647488 0.816065 0.0580801 0.0332285 0.801547
23 0.38083 0.420052 0.0546792 0.0354679 0.775071
19 0.853528 0.247433 0.0473389 0.056188 0.769523
17 0.23784 0.186424 0.058044 0.0533124 0.766001
14 0.503601 0.596802 0.0340014 0.0871134 0.753933
20 0.723309 0.597434 0.0279087 0.0478922 0.750037
20 0.88267 0.218956 0.0449152 0.0534147 0.728944
21 0.407611 0.495622 0.0530904 0.0599983 0.718421
10 0.729923 0.90402 0.11881 0.0436521 0.715598
14 0.52045 0.479999 0.074338 0.0381747 0.670867
21 0.550974 0.455284 0.04851 0.043378 0.669767
9 0.421655 0.122713 0.126108 0.18841 0.935034
8 0.704508 0.374452 0.187491 0.159306 0.917954
1 0.202029 0.602718 0.210414 0.23266 0.912667
7 0.637613 0.265613 0.115919 0.167435 0.904017
10 0.836021 0.65792 0.0725683 0.186126 0.902644
11 0.347725 0.291713 0.110676 0.155583 0.899262
1 0.535841 0.867532 0.264245 0.131852 0.896551
2 0.746408 0.524353 0.245332 0.118691 0.891479
0 0.334448 0.814758 0.151205 0.177335 0.889817
22 0.243297 0.428294 0.14773 0.084288 0.887797
8 0.621045 0.744938 0.168485 0.193195 0.886359
7 0.455113 0.353015 0.0675102 0.183426 0.886247
11 0.195879 0.692883 0.175684 0.106294 0.885321
6 0.308294 0.169183 0.107038 0.153018 0.885172
10 0.285935 0.523841 0.141876 0.113545 0.883687
13 0.341349 0.90022 0.107029 0.122906 0.88282
9 0.195527 0.304388 0.193279 0.101557 0.870303
3 0.600662 0.146985 0.12811 0.215979 0.865838
5 0.707677 0.739818 0.075719 0.171356 0.864077
2 0.445986 0.50673 0.100606 0.225229 0.861722
13 0.429672 0.100192 0.124287 0.115915 0.861097
0 0.66624 0.450434 0.270732 0.0954454 0.85597
3 0.22247 0.555896 0.143287 0.19623 0.846363
4 0.361668 0.558962 0.115357 0.211122 0.840584
17 0.392486 0.310777 0.059256 0.0940707 0.8391
14 0.499432 0.169788 0.0555664 0.138952 0.832583
12 0.648336 0.27129 0.122261 0.116169 0.821914
6 0.49322 0.342224 0.0692089 0.159107 0.810018
15 0.437725 0.743336 0.104074 0.109526 0.808988
16 0.823608 0.336127 0.0986085 0.119111 0.807992
12 0.222173 0.23102 0.0949823 0.122008 0.790384
19 0.589124 0.361099 0.0850333 0.0867156 0.766246
14 0.681195 0.530223 0.134061 0.0943658 0.756306
18 0.395242 0.471721 0.0830547 0.081115 0.74382
20 0.28411 0.315801 0.0553181 0.0593778 0.73806
17 0.494898 0.787813 0.0911033 0.0853445 0.720855
4 0.221659 0.557561 0.143637 0.19625 0.718419
4 0.613404 0.616387 0.229977 0.0659059 0.682283
18 0.20582 0.755474 0.0987271 0.0645026 0.680156
5 0.765359 0.236619 0.181186 0.0610983 0.674687
20 0.264102 0.555288 0.0678356 0.0644962 0.673414
21 0.549414 0.377961 0.0814635 0.0547467 0.632214
15 0.830899 0.672211 0.131941 0.0757069 0.618815
21 0.778699 0.551973 0.0883904 0.0604883 0.599656
16 0.88423 0.415141 0.131653 0.0837471 0.593937
23 0.571254 0.132525 0.0785693 0.0586977 0.57927
19 0.594306 0.668806 0.0951308 0.0756741 0.493271
18 0.207627 0.76722 0.104123 0.0687878 0.356735
21 0.549072 0.389303 0.0836132 0.0557491 0.263571
21 0.77917 0.562786 0.0871884 0.0623365 0.259682
23 0.570688 0.143452 0.0774635 0.0595365 0.258577
1 0.42468 0.323219 0.194215 0.213845 0.928506
22 0.590479 0.0831962 0.122982 0.102166 0.926314
11 0.204606 0.519148 0.122362 0.147376 0.919916
6 0.300629 0.68657 0.112249 0.150046 0.915867
10 0.298701 0.590842 0.100788 0.172427 0.915376
4 0.578451 0.181244 0.191731 0.122892 0.914626
2 0.720048 0.592689 0.232365 0.142852 0.911183
0 0.817937 0.709768 0.212002 0.188532 0.909516
0 0.776819 0.358872 0.271491 0.194304 0.907242
7 0.241433 0.340664 0.0901286 0.141102 0.903803
3 0.216978 0.832142 0.140101 0.134398 0.902303
4 0.565831 0.555471 0.18213 0.158377 0.893921
11 0.179054 0.384713 0.108315 0.146637 0.889231
17 0.588213 0.899191 0.0507957 0.118737 0.886177
5 0.474808 0.513448 0.148075 0.0974722 0.88573
1 0.731084 0.150773 0.308428 0.0873344 0.882406
3 0.191767 0.553793 0.0783224 0.229608 0.882186
14 0.345561 0.534765 0.115612 0.0958539 0.880265
17 0.637154 0.882224 0.0945329 0.0916308 0.88024
6 0.865572 0.608452 0.0948339 0.181312 0.877937
8 0.0997769 0.66093 0.067256 0.23085 0.877202
5 0.724034 0.068284 0.136688 0.0750591 0.875281
9 0.3481 0.617996 0.109157 0.168923 0.871515
9 0.655943 0.46102 0.198494 0.0951743 0.864762
15 0.542603 0.785996 0.0562427 0.117826 0.862383
16 0.567148 0.266961 0.0867349 0.114175 0.8519
22 0.675925 0.373025 0.192496 0.0694032 0.851273
10 0.452115 0.213706 0.162011 0.073121 0.84382
2 0.538499 0.773766 0.270098 0.067089 0.823878
16 0.536677 0.19237 0.114193 0.0847496 0.804474
15 0.388894 0.432855 0.0884399 0.114505 0.790871
7 0.700424 0.656553 0.0986673 0.165235 0.787613
8 0.659303 0.62248 0.123854 0.176854 0.764441
13 0.507888 0.876594 0.118713 0.05884 0.762404
14 0.586697 0.711439 0.139129 0.0658031 0.759958
12 0.424357 0.776273 0.123274 0.0743002 0.758893
19 0.756043 0.818136 0.0837195 0.0739488 0.715607
18 0.367514 0.309358 0.100817 0.0465115 0.700308
12 0.312692 0.814854 0.166964 0.0558697 0.69955
21 0.552938 0.620185 0.0549123 0.0929301 0.655611
13 0.698956 0.419882 0.147868 0.0484087 0.647413
21 0.498279 0.727636 0.0414682 0.0786229 0.636419
20 0.563726 0.722959 0.040663 0.0859349 0.634149
18 0.446144 0.686747 0.107579 0.0429153 0.616951
20 0.583989 0.642126 0.0597118 0.0622775 0.587904
12 0.422754 0.79076 0.12092 0.0629819 0.424116
18 0.446479 0.696661 0.105954 0.0431467 0.322955
18 0.36659 0.318893 0.0996057 0.0480678 0.316861
20 0.564136 0.735504 0.0386072 0.0704547 0.307897
13 0.698957 0.429244 0.148664 0.0491334 0.264112
9 0.421655 0.122713 0.126108 0.18841 0.935034
8 0.704508 0.374452 0.187491 0.159306 0.917954
1 0.202029 0.602718 0.210414 0.23266 0.912667
7 0.637613 0.265613 0.115919 0.167435 0.904017
10 0.836021 0.65792 0.0725683 0.186126 0.902644
11 0.347725 0.291713 0.110676 0.155583 0.899262
1 0.535841 0.867532 0.264245 0.131852 0.896551
2 0.746408 0.524353 0.245332 0.118691 0.891479
0 0.334448 0.814758 0.151205 0.177335 0.889817
22 0.243297 0.428294 0.14773 0.084288 0.887797
8 0.621045 0.744938 0.168485 0.193195 0.886359
7 0.455113 0.353015 0.0675102 0.183426 0.886247
11 0.195879 0.692883 0.175684 0.106294 0.885321
6 0.308294 0.169183 0.107038 0.153018 0.885172
10 0.285935 0.523841 0.141876 0.113545 0.883687
13 0.341349 0.90022 0.107029 0.122906 0.88282
9 0.195527 0.304388 0.193279 0.101557 0.870303
3 0.600662 0.146985 0.12811 0.215979 0.865838
5 0.707677 0.739818 0.075719 0.171356 0.864077
2 0.445986 0.50673 0.100606 0.225229 0.861722
13 0.429672 0.100192 0.124287 0.115915 0.861097
0 0.66624 0.450434 0.270732 0.0954454 0.85597
3 0.22247 0.555896 0.143287 0.19623 0.846363
4 0.361668 0.558962 0.115357 0.211122 0.840584
17 0.392486 0.310777 0.059256 0.0940707 0.8391
14 0.499432 0.169788 0.0555664 0.138952 0.832583
12 0.648336 0.27129 0.122261 0.116169 0.821914
6 0.49322 0.342224 0.0692089 0.159107 0.810018
15 0.437725 0.743336 0.104074 0.109526 0.808988
16 0.823608 0.336127 0.0986085 0.119111 0.807992
12 0.222173 0.23102 0.0949823 0.122008 0.790384
19 0.589124 0.361099 0.0850333 0.0867156 0.766246
14 0.681195 0.530223 0.134061 0.0943658 0.756306
18 0.395242 0.471721 0.0830547 0.081115 0.74382
20 0.28411 0.315801 0.0553181 0.0593778 0.73806
17 0.494898 0.787813 0.0911033 0.0853445 0.720855
4 0.221659 0.557561 0.143637 0.19625 0.718419
4 0.613404 0.616387 0.229977 0.0659059 0.682283
18 0.20582 0.755474 0.0987271 0.0645026 0.680156
5 0.765359 0.236619 0.181186 0.0610983 0.674687
20 0.264102 0.555288 0.0678356 0.0644962 0.673414
21 0.549414 0.377961 0.0814635 0.0547467 0.632214
15 0.830899 0.672211 0.131941 0.0757069 0.618815
21 0.778699 0.551973 0.0883904 0.0604883 0.599656
16 0.88423 0.415141 0.131653 0.0837471 0.593937
23 0.571254 0.132525 0.0785693 0.0586977 0.57927
19 0.594306 0.668806 0.0951308 0.0756741 0.493271
18 0.207627 0.76722 0.104123 0.0687878 0.356735
21 0.549072 0.389303 0.0836132 0.0557491 0.263571
21 0.77917 0.562786 0.0871884 0.0623365 0.259682
23 0.570688 0.143452 0.0774635 0.0595365 0.258577
8 0.625358 0.516312 0.106885 0.124515 0.925415
1 0.25693 0.513674 0.152782 0.178952 0.922322
3 0.772885 0.314085 0.178947 0.0934304 0.914449
0 0.50476 0.18431 0.214415 0.100611 0.89743
5 0.529069 0.578111 0.0977599 0.0830985 0.89186
11 0.260812 0.685973 0.0892168 0.10563 0.889809
9 0.868587 0.399736 0.123987 0.0775364 0.881086
2 0.202217 0.166067 0.0708654 0.142951 0.879549
22 0.882602 0.22629 0.0791989 0.103198 0.878448
8 0.680688 0.635939 0.116536 0.0826503 0.876104
11 0.355601 0.660577 0.0729399 0.0907811 0.87095
9 0.583094 0.419652 0.0812019 0.101668 0.86816
10 0.703575 0.914026 0.0680304 0.100421 0.868027
4 0.433832 0.617347 0.0814167 0.157933 0.868005
3 0.153459 0.579633 0.0845832 0.122026 0.867013
1 0.340013 0.375686 0.232548 0.0769066 0.863261
2 0.829466 0.203913 0.0767652 0.154854 0.85917
10 0.414532 0.304008 0.110559 0.0857489 0.853462
6 0.768103 0.499297 0.101361 0.0799932 0.852112
5 0.886589 0.58563 0.0549808 0.112613 0.835819
13 0.268793 0.0938562 0.0510931 0.0903284 0.832948
15 0.733257 0.38773 0.070118 0.0752429 0.816515
0 0.192042 0.171887 0.241712 0.0840133 0.815796
7 0.542204 0.474101 0.109252 0.056448 0.807888
13 0.398816 0.377195 0.0785021 0.0826991 0.80265
6 0.279936 0.298218 0.142241 0.0568831 0.786689
19 0.742811 0.0922292 0.051478 0.0681293 0.764655
4 0.205424 0.251874 0.181764 0.0524917 0.759496
12 0.333585 0.0642843 0.11871 0.0594063 0.759117
19 0.717037 0.555625 0.0451926 0.0612473 0.747163
12 0.424324 0.117088 0.123317 0.0544891 0.73468
17 0.760131 0.665449 0.055759 0.0632368 0.730474
16 0.809367 0.272454 0.0843874 0.0619972 0.729937
15 0.634795 0.871315 0.0945743 0.0667794 0.72965
22 0.830355 0.946043 0.164695 0.0441262 0.71994
21 0.308439 0.400387 0.0650223 0.0505954 0.688908
14 0.309282 0.468757 0.0626461 0.0863612 0.658533
16 0.905752 0.474955 0.0871143 0.0429549 0.636742
18 0.889567 0.884353 0.082078 0.050361 0.62733
18 0.669752 0.428034 0.0802755 0.0415224 0.626522
7 0.578753 0.666701 0.144223 0.0409988 0.623609
20 0.240999 0.567698 0.0492815 0.0524663 0.593278
20 0.600505 0.0554415 0.075781 0.0399752 0.591024
21 0.235194 0.279434 0.0661666 0.043411 0.58267
17 0.591894 0.281769 0.0968572 0.0430651 0.578649
14 0.538818 0.53238 0.109296 0.0375337 0.549707
7 0.579302 0.674061 0.145953 0.0410675 0.379009
22 0.83127 0.954001 0.166302 0.0476649 0.354263
17 0.593731 0.290224 0.100229 0.0450727 0.342595
20 0.601593 0.0636829 0.0755358 0.0413398 0.298172
18 0.889965 0.892893 0.0800788 0.0516123 0.254138
21 0.236329 0.288989 0.0680918 0.0458142 0.253383
8 0.625358 0.516312 0.106885 0.124515 0.925415
1 0.25693 0.513674 0.152782 0.178952 0.922322
3 0.772885 0.314085 0.178947 0.0934304 0.914449
0 0.50476 0.18431 0.214415 0.100611 0.89743
5 0.529069 0.578111 0.0977599 0.0830985 0.89186
11 0.260812 0.685973 0.0892168 0.10563 0.889809
9 0.868587 0.399736 0.123987 0.0775364 0.881086
2 0.202217 0.166067 0.0708654 0.142951 0.879549
22 0.882602 0.22629 0.0791989 0.103198 0.878448
8 0.680688 0.635939 0.116536 0.0826503 0.876104
11 0.355601 0.660577 0.0729399 0.0907811 0.87095
9 0.583094 0.419652 0.0812019 0.101668 0.86816
10 0.703575 0.914026 0.0680304 0.100421 0.868027
4 0.433832 0.617347 0.0814167 0.157933 0.868005
3 0.153459 0.579633 0.0845832 0.122026 0.867013
1 0.340013 0.375686 0.232548 0.0769066 0.863261
2 0.829466 0.203913 0.0767652 0.154854 0.85917
10 0.414532 0.304008 0.110559 0.0857489 0.853462
6 0.768103 0.499297 0.101361 0.0799932 0.852112
5 0.886589 0.58563 0.0549808 0.112613 0.835819
13 0.268793 0.0938562 0.0510931 0.0903284 0.832948
15 0.733257 0.38773 0.070118 0.0752429 0.816515
0 0.192042 0.171887 0.241712 0.0840133 0.815796
7 0.542204 0.474101 0.109252 0.056448 0.807888
13 0.398816 0.377195 0.0785021 0.0826991 0.80265
6 0.279936 0.298218 0.142241 0.0568831 0.786689
19 0.742811 0.0922292 0.051478 0.0681293 0.764655
4 0.205424 0.251874 0.181764 0.0524917 0.759496
12 0.333585 0.0642843 0.11871 0.0594063 0.759117
19 0.717037 0.555625 0.0451926 0.0612473 0.747163
12 0.424324 0.117088 0.123317 0.0544891 0.73468
17 0.760131 0.665449 0.055759 0.0632368 0.730474
16 0.809367 0.272454 0.0843874 0.0619972 0.729937
15 0.634795 0.871315 0.0945743 0.0667794 0.72965
22 0.830355 0.946043 0.164695 0.0441262 0.71994
21 0.308439 0.400387 0.0650223 0.0505954 0.688908
14 0.309282 0.468757 0.0626461 0.0863612 0.658533
16 0.905752 0.474955 0.0871143 0.0429549 0.636742
18 0.889567 0.884353 0.082078 0.050361 0.62733
18 0.669752 0.428034 0.0802755 0.0415224 0.626522
7 0.578753 0.666701 0.144223 0.0409988 0.623609
20 0.240999 0.567698 0.0492815 0.0524663 0.593278
20 0.600505 0.0554415 0.075781 0.0399752 0.591024
21 0.235194 0.279434 0.0661666 0.043411 0.58267
17 0.591894 0.281769 0.0968572 0.0430651 0.578649
14 0.538818 0.53238 0.109296 0.0375337 0.549707
7 0.579302 0.674061 0.145953 0.0410675 0.379009
22 0.83127 0.954001 0.166302 0.0476649 0.354263
17 0.593731 0.290224 0.100229 0.0450727 0.342595
20 0.601593 0.0636829 0.0755358 0.0413398 0.298172
18 0.889965 0.892893 0.0800788 0.0516123 0.254138
21 0.236329 0.288989 0.0680918 0.0458142 0.253383
8 0.625358 0.516312 0.106885 0.124515 0.925415
1 0.25693 0.513674 0.152782 0.178952 0.922322
3 0.772885 0.314085 0.178947 0.0934304 0.914449
0 0.50476 0.18431 0.214415 0.100611 0.89743
5 0.529069 0.578111 0.0977599 0.0830985 0.89186
11 0.260812 0.685973 0.0892168 0.10563 0.889809
9 0.868587 0.399736 0.123987 0.0775364 0.881086
2 0.202217 0.166067 0.0708654 0.142951 0.879549
22 0.882602 0.22629 0.0791989 0.103198 0.878448
8 0.680688 0.635939 0.116536 0.0826503 0.876104
11 0.355601 0.660577 0.0729399 0.0907811 0.87095
9 0.583094 0.419652 0.0812019 0.101668 0.86816
10 0.703575 0.914026 0.0680304 0.100421 0.868027
4 0.433832 0.617347 0.0814167 0.157933 0.868005
3 0.153459 0.579633 0.0845832 0.122026 0.867013
1 0.340013 0.375686 0.232548 0.0769066 0.863261
2 0.829466 0.203913 0.0767652 0.154854 0.85917
10 0.414532 0.304008 0.110559 0.0857489 0.853462
6 0.768103 0.499297 0.101361 0.0799932 0.852112
5 0.886589 0.58563 0.0549808 0.112613 0.835819
13 0.268793 0.0938562 0.0510931 0.0903284 0.832948
15 0.733257 0.38773 0.070118 0.0752429 0.816515
0 0.192042 0.171887 0.241712 0.0840133 0.815796
7 0.542204 0.474101 0.109252 0.056448 0.807888
13 0.398816 0.377195 0.0785021 0.0826991 0.80265
6 0.279936 0.298218 0.142241 0.0568831 0.786689
19 0.742811 0.0922292 0.051478 0.0681293 0.764655
4 0.205424 0.251874 0.181764 0.0524917 0.759496
12 0.333585 0.0642843 0.11871 0.0594063 0.759117
19 0.717037 0.555625 0.0451926 0.0612473 0.747163
12 0.424324 0.117088 0.123317 0.0544891 0.73468
17 0.760131 0.665449 0.055759 0.0632368 0.730474
16 0.809367 0.272454 0.0843874 0.0619972 0.729937
15 0.634795 0.871315 0.0945743 0.0667794 0.72965
22 0.830355 0.946043 0.164695 0.0441262 0.71994
21 0.308439 0.400387 0.0650223 0.0505954 0.688908
14 0.309282 0.468757 0.0626461 0.0863612 0.658533
16 0.905752 0.474955 0.0871143 0.0429549 0.636742
18 0.889567 0.884353 0.082078 0.050361 0.62733
18 0.669752 0.428034 0.0802755 0.0415224 0.626522
7 0.578753 0.666701 0.144223 0.0409988 0.623609
20 0.240999 0.567698 0.0492815 0.0524663 0.593278
20 0.600505 0.0554415 0.075781 0.0399752 0.591024
21 0.235194 0.279434 0.0661666 0.043411 0.58267
17 0.591894 0.281769 0.0968572 0.0430651 0.578649
14 0.538818 0.53238 0.109296 0.0375337 0.549707
7 0.579302 0.674061 0.145953 0.0410675 0.379009
22 0.83127 0.954001 0.166302 0.0476649 0.354263
17 0.593731 0.290224 0.100229 0.0450727 0.342595
20 0.601593 0.0636829 0.0755358 0.0413398 0.298172
18 0.889965 0.892893 0.0800788 0.0516123 0.254138
21 0.236329 0.288989 0.0680918 0.0458142 0.253383
8 0.625358 0.516312 0.106885 0.124515 0.925415
1 0.25693 0.513674 0.152782 0.178952 0.922322
3 0.772885 0.314085 0.178947 0.0934304 0.914449
0 0.50476 0.18431 0.214415 0.100611 0.89743
5 0.529069 0.578111 0.0977599 0.0830985 0.89186
11 0.260812 0.685973 0.0892168 0.10563 0.889809
9 0.868587 0.399736 0.123987 0.0775364 0.881086
2 0.202217 0.166067 0.0708654 0.142951 0.879549
22 0.882602 0.22629 0.0791989 0.103198 0.878448
8 0.680688 0.635939 0.116536 0.0826503 0.876104
11 0.355601 0.660577 0.0729399 0.0907811 0.87095
9 0.583094 0.419652 0.0812019 0.101668 0.86816
10 0.703575 0.914026 0.0680304 0.100421 0.868027
4 0.433832 0.617347 0.0814167 0.157933 0.868005
3 0.153459 0.579633 0.0845832 0.122026 0.867013
1 0.340013 0.375686 0.232548 0.0769066 0.863261
2 0.829466 0.203913 0.0767652 0.154854 0.85917
10 0.414532 0.304008 0.110559 0.0857489 0.853462
6 0.768103 0.499297 0.101361 0.0799932 0.852112
5 0.886589 0.58563 0.0549808 0.112613 0.835819
13 0.268793 0.0938562 0.0510931 0.0903284 0.832948
15 0.733257 0.38773 0.070118 0.0752429 0.816515
0 0.192042 0.171887 0.241712 0.0840133 0.815796
7 0.542204 0.474101 0.109252 0.056448 0.807888
13 0.398816 0.377195 0.0785021 0.0826991 0.80265
6 0.279936 0.298218 0.142241 0.0568831 0.786689
19 0.742811 0.0922292 0.051478 0.0681293 0.764655
4 0.205424 0.251874 0.181764 0.0524917 0.759496
12 0.333585 0.0642843 0.11871 0.0594063 0.759117
19 0.717037 0.555625 0.0451926 0.0612473 0.747163
12 0.424324 0.117088 0.123317 0.0544891 0.73468
17 0.760131 0.665449 0.055759 0.0632368 0.730474
16 0.809367 0.272454 0.0843874 0.0619972 0.729937
15 0.634795 0.871315 0.0945743 0.0667794 0.72965
22 0.830355 0.946043 0.164695 0.0441262 0.71994
21 0.308439 0.400387 0.0650223 0.0505954 0.688908
14 0.309282 0.468757 0.0626461 0.0863612 0.658533
16 0.905752 0.474955 0.0871143 0.0429549 0.636742
18 0.889567 0.884353 0.082078 0.050361 0.62733
18 0.669752 0.428034 0.0802755 0.0415224 0.626522
7 0.578753 0.666701 0.144223 0.0409988 0.623609
20 0.240999 0.567698 0.0492815 0.0524663 0.593278
20 0.600505 0.0554415 0.075781 0.0399752 0.591024
21 0.235194 0.279434 0.0661666 0.043411 0.58267
17 0.591894 0.281769 0.0968572 0.0430651 0.578649
14 0.538818 0.53238 0.109296 0.0375337 0.549707
7 0.579302 0.674061 0.145953 0.0410675 0.379009
22 0.83127 0.954001 0.166302 0.0476649 0.354263
17 0.593731 0.290224 0.100229 0.0450727 0.342595
20 0.601593 0.0636829 0.0755358 0.0413398 0.298172
18 0.889965 0.892893 0.0800788 0.0516123 0.254138
21 0.236329 0.288989 0.0680918 0.0458142 0.253383
8 0.625358 0.516312 0.106885 0.124515 0.925415
1 0.25693 0.513674 0.152782 0.178952 0.922322
3 0.772885 0.314085 0.178947 0.0934304 0.914449
0 0.50476 0.18431 0.214415 0.100611 0.89743
5 0.529069 0.578111 0.0977599 0.0830985 0.89186
11 0.260812 0.685973 0.0892168 0.10563 0.889809
9 0.868587 0.399736 0.123987 0.0775364 0.881086
2 0.202217 0.166067 0.0708654 0.142951 0.879549
22 0.882602 0.22629 0.0791989 0.103198 0.878448
8 0.680688 0.635939 0.116536 0.0826503 0.876104
11 0.355601 0.660577 0.0729399 0.0907811 0.87095
9 0.583094 0.419652 0.0812019 0.101668 0.86816
10 0.703575 0.914026 0.0680304 0.100421 0.868027
4 0.433832 0.617347 0.0814167 0.157933 0.868005
3 0.153459 0.579633 0.0845832 0.122026 0.867013
1 0.340013 0.375686 0.232548 0.0769066 0.863261
2 0.829466 0.203913 0.0767652 0.154854 0.85917
10 0.414532 0.304008 0.110559 0.0857489 0.853462
6 0.768103 0.499297 0.101361 0.0799932 0.852112
5 0.886589 0.58563 0.0549808 0.112613 0.835819
13 0.268793 0.0938562 0.0510931 0.0903284 0.832948
15 0.733257 0.38773 0.070118 0.0752429 0.816515
0 0.192042 0.171887 0.241712 0.0840133 0.815796
7 0.542204 0.474101 0.109252 0.056448 0.807888
13 0.398816 0.377195 0.0785021 0.0826991 0.80265
6 0.279936 0.298218 0.142241 0.0568831 0.786689
19 0.742811 0.0922292 0.051478 0.0681293 0.764655
4 0.205424 0.251874 0.181764 0.0524917 0.759496
12 0.333585 0.0642843 0.11871 0.0594063 0.759117
19 0.717037 0.555625 0.0451926 0.0612473 0.747163
12 0.424324 0.117088 0.123317 0.0544891 0.73468
17 0.760131 0.665449 0.055759 0.0632368 0.730474
16 0.809367 0.272454 0.0843874 0.0619972 0.729937
15 0.634795 0.871315 0.0945743 0.0667794 0.72965
22 0.830355 0.946043 0.164695 0.0441262 0.71994
21 0.308439 0.400387 0.0650223 0.0505954 0.688908
14 0.309282 0.468757 0.0626461 0.0863612 0.658533
16 0.905752 0.474955 0.0871143 0.0429549 0.636742
18 0.889567 0.884353 0.082078 0.050361 0.62733
18 0.669752 0.428034 0.0802755 0.0415224 0.626522
7 0.578753 0.666701 0.144223 0.0409988 0.623609
20 0.240999 0.567698 0.0492815 0.0524663 0.593278
20 0.600505 0.0554415 0.075781 0.0399752 0.591024
21 0.235194 0.279434 0.0661666 0.043411 0.58267
17 0.591894 0.281769 0.0968572 0.0430651 0.578649
14 0.538818 0.53238 0.109296 0.0375337 0.549707
7 0.579302 0.674061 0.145953 0.0410675 0.379009
22 0.83127 0.954001 0.166302 0.0476649 0.354263
17 0.593731 0.290224 0.100229 0.0450727 0.342595
20 0.601593 0.0636829 0.0755358 0.0413398 0.298172
18 0.889965 0.892893 0.0800788 0.0516123 0.254138
21 0.236329 0.288989 0.0680918 0.0458142 0.253383
0 0.65749 0.495944 0.148619 0.195104 0.938362
0 0.563767 0.663561 0.147187 0.213167 0.911867
4 0.784769 0.409224 0.170548 0.106281 0.901667
3 0.556222 0.236991 0.151552 0.151725 0.897189
14 0.550249 0.336452 0.053697 0.109832 0.894728
5 0.180431 0.528985 0.100493 0.128944 0.894525
13 0.14622 0.662128 0.0802567 0.117136 0.893588
10 0.0923443 0.427623 0.104774 0.133944 0.892778
11 0.760755 0.531743 0.109904 0.0830524 0.891582
22 0.765328 0.777318 0.0884606 0.138338 0.889238
14 0.903884 0.560142 0.0696784 0.113562 0.888719
8 0.457366 0.814213 0.105168 0.159995 0.887688
6 0.683627 0.660499 0.105917 0.106363 0.885064
10 0.206423 0.287278 0.099918 0.125122 0.873677
2 0.351984 0.564352 0.105281 0.0993696 0.871147
4 0.352147 0.190424 0.0744424 0.151404 0.870678
11 0.503337 0.0940988 0.128569 0.0884418 0.861346
12 0.920667 0.422185 0.0540784 0.11866 0.859563
9 0.396119 0.661712 0.139791 0.0912279 0.859176
7 0.267455 0.684846 0.111582 0.104228 0.859003
2 0.349971 0.79516 0.171815 0.0787833 0.853694
12 0.790352 0.282783 0.0505429 0.120326 0.833264
16 0.765178 0.349974 0.0534223 0.100063 0.8131
15 0.227786 0.648665 0.0552194 0.0964605 0.812865
1 0.365272 0.277567 0.222707 0.0776874 0.812754
22 0.60524 0.71847 0.151674 0.0558337 0.809521
18 0.282672 0.612105 0.0486836 0.0780963 0.803251
7 0.189308 0.198254 0.133534 0.0744659 0.794538
13 0.343732 0.783695 0.0675503 0.109453 0.79086
5 0.386155 0.511183 0.126504 0.0581772 0.787646
8 0.253465 0.492805 0.163532 0.0623199 0.786423
18 0.40736 0.461475 0.0632634 0.0653247 0.750008
6 0.8805 0.680506 0.116639 0.0888742 0.744599
21 0.511804 0.486654 0.0526663 0.0738667 0.73399
16 0.430531 0.594511 0.0825187 0.0644019 0.730013
15 0.701152 0.312403 0.094057 0.0688489 0.728938
19 0.213858 0.407105 0.0704032 0.0654909 0.722812
9 0.528119 0.745303 0.150301 0.0562196 0.708205
3 0.378552 0.858548 0.167591 0.0657104 0.69659
19 0.471307 0.169956 0.0615581 0.0765172 0.684851
21 0.270078 0.441073 0.0483176 0.0698776 0.672612
1 0.61968 0.291518 0.107061 0.166179 0.656602
20 0.208861 0.577053 0.0493345 0.0645077 0.643594
17 0.228761 0.803239 0.0927434 0.0482009 0.590491
17 0.270733 0.327829 0.0819077 0.0504851 0.545856
20 0.425172 0.315084 0.0640284 0.0443503 0.51464
20 0.8621 0.683177 0.078359 0.0745487 0.397386
17 0.271192 0.336851 0.0822557 0.0492927 0.383302
22 0.591458 0.724129 0.121794 0.0731671 0.378739
20 0.425658 0.322879 0.0655811 0.0448936 0.337528
5 0.6303 0.238903 0.0848923 0.0713841 0.305544
17 0.2302 0.811664 0.0953495 0.0505765 0.304284
1 0.42468 0.323219 0.194215 0.213845 0.928506
22 0.590479 0.0831962 0.122982 0.102166 0.926314
11 0.204606 0.519148 0.122362 0.147376 0.919916
6 0.300629 0.68657 0.112249 0.150046 0.915867
10 0.298701 0.590842 0.100788 0.172427 0.915376
4 0.578451 0.181244 0.191731 0.122892 0.914626
2 0.720048 0.592689 0.232365 0.142852 0.911183
0 0.817937 0.709768 0.212002 0.188532 0.909516
0 0.776819 0.358872 0.271491 0.194304 0.907242
7 0.241433 0.340664 0.0901286 0.141102 0.903803
3 0.216978 0.832142 0.140101 0.134398 0.902303
4 0.565831 0.555471 0.18213 0.158377 0.893921
11 0.179054 0.384713 0.108315 0.146637 0.889231
17 0.588213 0.899191 0.0507957 0.118737 0.886177
5 0.474808 0.513448 0.148075 0.0974722 0.88573
1 0.731084 0.150773 0.308428 0.0873344 0.882406
3 0.191767 0.553793 0.0783224 0.229608 0.882186
14 0.345561 0.534765 0.115612 0.0958539 0.880265
17 0.637154 0.882224 0.0945329 0.0916308 0.88024
6 0.865572 0.608452 0.0948339 0.181312 0.877937
8 0.0997769 0.66093 0.067256 0.23085 0.877202
5 0.724034 0.068284 0.136688 0.0750591 0.875281
9 0.3481 0.617996 0.109157 0.168923 0.871515
9 0.655943 0.46102 0.198494 0.0951743 0.864762
15 0.542603 0.785996 0.0562427 0.117826 0.862383
16 0.567148 0.266961 0.0867349 0.114175 0.8519
22 0.675925 0.373025 0.192496 0.0694032 0.851273
10 0.452115 0.213706 0.162011 0.073121 0.84382
2 0.538499 0.773766 0.270098 0.067089 0.823878
16 0.536677 0.19237 0.114193 0.0847496 0.804474
15 0.388894 0.432855 0.0884399 0.114505 0.790871
7 0.700424 0.656553 0.0986673 0.165235 0.787613
8 0.659303 0.62248 0.123854 0.176854 0.764441
13 0.507888 0.876594 0.118713 0.05884 0.762404
14 0.586697 0.711439 0.139129 0.0658031 0.759958
12 0.424357 0.776273 0.123274 0.0743002 0.758893
19 0.756043 0.818136 0.0837195 0.0739488 0.715607
18 0.367514 0.309358 0.100817 0.0465115 0.700308
12 0.312692 0.814854 0.166964 0.0558697 0.69955
21 0.552938 0.620185 0.0549123 0.0929301 0.655611
13 0.698956 0.419882 0.147868 0.0484087 0.647413
21 0.498279 0.727636 0.0414682 0.0786229 0.636419
20 0.563726 0.722959 0.040663 0.0859349 0.634149
18 0.446144 0.686747 0.107579 0.0429153 0.616951
20 0.583989 0.642126 0.0597118 0.0622775 0.587904
12 0.422754 0.79076 0.12092 0.0629819 0.424116
18 0.446479 0.696661 0.105954 0.0431467 0.322955
18 0.36659 0.318893 0.0996057 0.0480678 0.316861
20 0.564136 0.735504 0.0386072 0.0704547 0.307897
13 0.698957 0.429244 0.148664 0.0491334 0.264112
22 0.66465 0.787676 0.11074 0.0911395 0.937115
0 0.720815 0.573226 0.145072 0.0901611 0.923346
1 0.639975 0.478149 0.128613 0.146405 0.922107
4 0.746485 0.679975 0.098717 0.132462 0.921103
1 0.825981 0.348098 0.117837 0.127361 0.917256
8 0.0693329 0.43902 0.115841 0.108568 0.915399
12 0.733244 0.534506 0.0438416 0.0962129 0.903832
8 0.821952 0.910531 0.123995 0.115228 0.903133
13 0.935461 0.8331 0.0577038 0.099756 0.899998
3 0.109289 0.210703 0.07866 0.146453 0.899699
9 0.53378 0.75663 0.126583 0.0786093 0.895709
10 0.166725 0.392702 0.0688282 0.112956 0.890912
3 0.321202 0.716543 0.0624345 0.163455 0.877904
4 0.485088 0.534134 0.114831 0.0832561 0.877815
0 0.805628 0.723186 0.165978 0.0802101 0.875674
2 0.902096 0.595987 0.0638706 0.151148 0.875013
9 0.779343 0.574909 0.0988174 0.0811671 0.872273
5 0.544004 0.828076 0.0682907 0.102298 0.87172
5 0.672577 0.760276 0.0989977 0.0742091 0.86868
7 0.8222 0.46788 0.0999919 0.0526749 0.85908
7 0.613398 0.463349 0.0804843 0.0910184 0.858595
15 0.152823 0.0445112 0.0364179 0.0837387 0.85818
18 0.208379 0.302285 0.0386312 0.0642967 0.855829
12 0.402802 0.624894 0.0410323 0.0927156 0.850459
19 0.376979 0.830216 0.0510387 0.0589392 0.850331
11 0.457089 0.509439 0.084251 0.104358 0.848848
16 0.469082 0.702605 0.0472091 0.0770246 0.842751
15 0.56095 0.63482 0.0616325 0.0622425 0.837961
2 0.588625 0.408748 0.138421 0.0702768 0.836976
11 0.577451 0.405266 0.0684958 0.0880732 0.836868
6 0.626462 0.56148 0.0957817 0.0672979 0.835047
13 0.419306 0.329013 0.048288 0.0963385 0.833136
8 0.589364 0.408501 0.139135 0.0723788 0.832788
6 0.470858 0.370386 0.0948166 0.0567032 0.831969
16 0.623547 0.71998 0.0620614 0.0488513 0.819397
17 0.214689 0.248707 0.0453581 0.0594933 0.806333
18 0.647488 0.816065 0.0580801 0.0332285 0.801547
23 0.38083 0.420052 0.0546792 0.0354679 0.775071
19 0.853528 0.247433 0.0473389 0.056188 0.769523
17 0.23784 0.186424 0.058044 0.0533124 0.766001
14 0.503601 0.596802 0.0340014 0.0871134 0.753933
20 0.723309 0.597434 0.0279087 0.0478922 0.750037
20 0.88267 0.218956 0.0449152 0.0534147 0.728944
21 0.407611 0.495622 0.0530904 0.0599983 0.718421
10 0.729923 0.90402 0.11881 0.0436521 0.715598
14 0.52045 0.479999 0.074338 0.0381747 0.670867
21 0.550974 0.455284 0.04851 0.043378 0.669767
22 0.66465 0.787676 0.11074 0.0911395 0.937115
0 0.720815 0.573226 0.145072 0.0901611 0.923346
1 0.639975 0.478149 0.128613 0.146405 0.922107
4 0.746485 0.679975 0.098717 0.132462 0.921103
1 0.825981 0.348098 0.117837 0.127361 0.917256
8 0.0693329 0.43902 0.115841 0.108568 0.915399
12 0.733244 0.534506 0.0438416 0.0962129 0.903832
8 0.821952 0.910531 0.123995 0.115228 0.903133
13 0.935461 0.8331 0.0577038 0.099756 0.899998
3 0.109289 0.210703 0.07866 0.146453 0.899699
9 0.53378 0.75663 0.126583 0.0786093 0.895709
10 0.166725 0.392702 0.0688282 0.112956 0.890912
3 0.321202 0.716543 0.0624345 0.163455 0.877904
4 0.485088 0.534134 0.114831 0.0832561 0.877815
0 0.805628 0.723186 0.165978 0.0802101 0.875674
2 0.902096 0.595987 0.0638706 0.151148 0.875013
9 0.779343 0.574909 0.0988174 0.0811671 0.872273
5 0.544004 0.828076 0.0682907 0.102298 0.87172
5 0.672577 0.760276 0.0989977 0.0742091 0.86868
7 0.8222 0.46788 0.0999919 0.0526749 0.85908
7 0.613398 0.463349 0.0804843 0.0910184 0.858595
15 0.152823 0.0445112 0.0364179 0.0837387 0.85818
18 0.208379 0.302285 0.0386312 0.0642967 0.855829
12 0.402802 0.624894 0.0410323 0.0927156 0.850459
19 0.376979 0.830216 0.0510387 0.0589392 0.850331
11 0.457089 0.509439 0.084251 0.104358 0.848848
16 0.469082 0.702605 0.0472091 0.0770246 0.842751
15 0.56095 0.63482 0.0616325 0.0622425 0.837961
2 0.588625 0.408748 0.138421 0.0702768 0.836976
11 0.577451 0.405266 0.0684958 0.0880732 0.836868
6 0.626462 0.56148 0.0957817 0.0672979 0.835047
13 0.419306 0.329013 0.048288 0.0963385 0.833136
8 0.589364 0.408501 0.139135 0.0723788 0.832788
6 0.470858 0.370386 0.0948166 0.0567032 0.831969
16 0.623547 0.71998 0.0620614 0.0488513 0.819397
17 0.214689 0.248707 0.0453581 0.0594933 0.806333
18 0.647488 0.816065 0.0580801 0.0332285 0.801547
23 0.38083 0.420052 0.0546792 0.0354679 0.775071
19 0.853528 0.247433 0.0473389 0.056188 0.769523
17 0.23784 0.186424 0.058044 0.0533124 0.766001
14 0.503601 0.596802 0.0340014 0.0871134 0.753933
20 0.723309 0.597434 0.0279087 0.0478922 0.750037
20 0.88267 0.218956 0.0449152 0.0534147 0.728944
21 0.407611 0.495622 0.0530904 0.0599983 0.718421
10 0.729923 0.90402 0.11881 0.0436521 0.715598
14 0.52045 0.479999 0.074338 0.0381747 0.670867
21 0.550974 0.455284 0.04851 0.043378 0.669767
8 0.776065 0.248955 0.124195 0.137054 0.928491
7 0.749764 0.132975 0.101282 0.133627 0.923626
0 0.231498 0.648013 0.156111 0.240629 0.90845
5 0.382628 0.260188 0.110978 0.0903278 0.905903
16 0.425637 0.436411 0.0461834 0.132177 0.904329
7 0.319832 0.708392 0.0556474 0.161936 0.90211
1 0.64344 0.237227 0.172068 0.159646 0.900528
4 0.544694 0.714358 0.133068 0.0991791 0.900106
9 0.240024 0.433296 0.132703 0.0945273 0.898701
11 0.440799 0.782729 0.0759036 0.136788 0.893091
11 0.483993 0.272616 0.129401 0.0892137 0.888711
10 0.332384 0.0989498 0.10335 0.120065 0.885079
6 0.75605 0.333051 0.0781708 0.118255 0.88393
4 0.614608 0.122664 0.110775 0.106766 0.883129
5 0.50913 0.433169 0.0860962 0.128804 0.882435
6 0.516942 0.47638 0.081069 0.122763 0.880122
17 0.231613 0.48625 0.0498911 0.102536 0.878923
0 0.91165 0.316297 0.154654 0.166631 0.875162
2 0.386499 0.390433 0.173042 0.109753 0.868556
12 0.236055 0.128591 0.0946067 0.101882 0.868002
10 0.282773 0.543353 0.0494781 0.166412 0.86527
8 0.325455 0.861211 0.0910176 0.160534 0.863722
3 0.241891 0.200364 0.151241 0.119498 0.862635
22 0.882494 0.291739 0.102849 0.173003 0.859819
3 0.336969 0.477707 0.0741025 0.142183 0.850116
9 0.380054 0.662493 0.0573538 0.201243 0.844185
1 0.742937 0.146359 0.199095 0.0769422 0.837824
2 0.590876 0.337117 0.163256 0.0810332 0.829214
19 0.322982 0.392113 0.0597823 0.0642042 0.813936
17 0.315654 0.583305 0.0352527 0.101629 0.807312
18 0.0880762 0.262601 0.0722286 0.0699043 0.77295
12 0.508227 0.215965 0.0871468 0.078443 0.767846
15 0.593622 0.279532 0.060464 0.100543 0.763015
14 0.333594 0.225154 0.0827213 0.0786831 0.762793
21 0.439981 0.715571 0.0490406 0.0645218 0.757169
19 0.346528 0.625443 0.0325722 0.0871187 0.755854
14 0.395224 0.52804 0.0723025 0.089881 0.750257
23 0.157759 0.309906 0.041081 0.0908368 0.741599
16 0.275516 0.33689 0.0799086 0.0787462 0.737325
13 0.492058 0.31044 0.089122 0.0833181 0.730429
13 0.433474 0.351642 0.0873069 0.0669143 0.682097
20 0.249119 0.237446 0.0558508 0.0629955 0.675105
21 0.265464 0.295215 0.0641514 0.0543341 0.645419
15 0.826424 0.339345 0.0832733 0.067484 0.630228
18 0.68319 0.21644 0.0717181 0.0579977 0.628442
14 0.38332 0.518596 0.0426127 0.109324 0.350984
18 0.682983 0.227424 0.0715054 0.0595607 0.287009
20 0.38759 0.475963 0.0323804 0.0633388 0.279601
21 0.266267 0.306698 0.0650132 0.0538739 0.267752
20 0.250312 0.247652 0.0564947 0.0655358 0.26473
9 0.421655 0.122713 0.126108 0.18841 0.935034
8 0.704508 0.374452 0.187491 0.159306 0.917954
1 0.202029 0.602718 0.210414 0.23266 0.912667
7 0.637613 0.265613 0.115919 0.167435 0.904017
10 0.836021 0.65792 0.0725683 0.186126 0.902644
11 0.347725 0.291713 0.110676 0.155583 0.899262
1 0.535841 0.867532 0.264245 0.131852 0.896551
2 0.746408 0.524353 0.245332 0.118691 0.891479
0 0.334448 0.814758 0.151205 0.177335 0.889817
22 0.243297 0.428294 0.14773 0.084288 0.887797
8 0.621045 0.744938 0.168485 0.193195 0.886359
7 0.455113 0.353015 0.0675102 0.183426 0.886247
11 0.195879 0.692883 0.175684 0.106294 0.885321
6 0.308294 0.169183 0.107038 0.153018 0.885172
10 0.285935 0.523841 0.141876 0.113545 0.883687
13 0.341349 0.90022 0.107029 0.122906 0.88282
9 0.195527 0.304388 0.193279 0.101557 0.870303
3 0.600662 0.146985 0.12811 0.215979 0.865838
5 0.707677 0.739818 0.075719 0.171356 0.864077
2 0.445986 0.50673 0.100606 0.225229 0.861722
13 0.429672 0.100192 0.124287 0.115915 0.861097
0 0.66624 0.450434 0.270732 0.0954454 0.85597
3 0.22247 0.555896 0.143287 0.19623 0.846363
4 0.361668 0.558962 0.115357 0.211122 0.840584
17 0.392486 0.310777 0.059256 0.0940707 0.8391
14 0.499432 0.169788 0.0555664 0.138952 0.832583
12 0.648336 0.27129 0.122261 0.116169 0.821914
6 0.49322 0.342224 0.0692089 0.159107 0.810018
15 0.437725 0.743336 0.104074 0.109526 0.808988
16 0.823608 0.336127 0.0986085 0.119111 0.807992
12 0.222173 0.23102 0.0949823 0.122008 0.790384
19 0.589124 0.361099 0.0850333 0.0867156 0.766246
14 0.681195 0.530223 0.134061 0.0943658 0.756306
18 0.395242 0.471721 0.0830547 0.081115 0.74382
20 0.28411 0.315801 0.0553181 0.0593778 0.73806
17 0.494898 0.787813 0.0911033 0.0853445 0.720855
4 0.221659 0.557561 0.143637 0.19625 0.718419
4 0.613404 0.616387 0.229977 0.0659059 0.682283
18 0.20582 0.755474 0.0987271 0.0645026 0.680156
5 0.765359 0.236619 0.181186 0.0610983 0.674687
20 0.264102 0.555288 0.0678356 0.0644962 0.673414
21 0.549414 0.377961 0.0814635 0.0547467 0.632214
15 0.830899 0.672211 0.131941 0.0757069 0.618815
21 0.778699 0.551973 0.0883904 0.0604883 0.599656
16 0.88423 0.415141 0.131653 0.0837471 0.593937
23 0.571254 0.132525 0.0785693 0.0586977 0.57927
19 0.594306 0.668806 0.0951308 0.0756741 0.493271
18 0.207627 0.76722 0.104123 0.0687878 0.356735
21 0.549072 0.389303 0.0836132 0.0557491 0.263571
21 0.77917 0.562786 0.0871884 0.0623365 0.259682
23 0.570688 0.143452 0.0774635 0.0595365 0.258577
8 0.529429 0.560259 0.154349 0.109652 0.9235
2 0.831346 0.426895 0.0961804 0.17065 0.923471
1 0.517892 0.42665 0.104029 0.208123 0.902185
10 0.227676 0.119156 0.109264 0.124564 0.898636
2 0.5511 0.625026 0.172815 0.081112 0.898002
1 0.747347 0.578253 0.132351 0.0832003 0.895375
0 0.450806 0.841905 0.214871 0.128767 0.895008
7 0.177665 0.571186 0.0781004 0.136637 0.893191
0 0.30822 0.800705 0.137174 0.114734 0.892623
6 0.515434 0.191354 0.0935211 0.119494 0.889774
9 0.217617 0.291898 0.0822598 0.145577 0.887999
10 0.436149 0.312116 0.0748726 0.0943789 0.886014
4 0.544072 0.277784 0.124851 0.123838 0.884312
11 0.229582 0.706298 0.10299 0.0931282 0.882293
6 0.238892 0.166755 0.102027 0.111669 0.880997
3 0.403723 0.192738 0.0934245 0.136139 0.880406
22 0.679567 0.417013 0.106922 0.0833372 0.880221
15 0.274765 0.664867 0.0690776 0.0863613 0.879335
8 0.756647 0.658856 0.0982596 0.0870206 0.876674
3 0.311063 0.501135 0.17058 0.0704956 0.866361
5 0.330827 0.825695 0.138318 0.0684677 0.865555
9 0.317018 0.681981 0.157143 0.0914258 0.860804
11 0.619926 0.304138 0.0569083 0.118282 0.856791
4 0.349487 0.574461 0.112066 0.0772025 0.855686
17 0.471131 0.743343 0.0671062 0.0859033 0.854893
12 0.442171 0.56856 0.0666607 0.0891281 0.847871
18 0.200251 0.275648 0.0411463 0.0701568 0.82986
5 0.307974 0.159001 0.0494934 0.123339 0.825539
16 0.412338 0.61953 0.0634498 0.0846571 0.82482
15 0.508539 0.28667 0.0877429 0.0688862 0.797031
7 0.746082 0.478861 0.127522 0.0686838 0.784575
16 0.342683 0.249902 0.0723966 0.0691971 0.784479
17 0.388204 0.307647 0.0576985 0.0713444 0.780086
13 0.523923 0.538643 0.052029 0.0944081 0.779685
13 0.578068 0.450423 0.0986321 0.0597267 0.777719
14 0.467306 0.662398 0.0931886 0.0688282 0.775244
19 0.633739 0.42243 0.0616534 0.0572098 0.75773
20 0.162193 0.339352 0.0451308 0.0658648 0.733262
12 0.433167 0.106131 0.105111 0.0598842 0.705206
21 0.257575 0.189241 0.0586382 0.0613595 0.668283
18 0.208031 0.620433 0.0756702 0.0400969 0.649384
23 0.245896 0.346676 0.0620508 0.0414728 0.64597
21 0.480023 0.356311 0.0558069 0.0385583 0.643008
20 0.302008 0.232961 0.0590985 0.0366592 0.641305
14 0.638656 0.371236 0.114576 0.0377255 0.521547
14 0.640513 0.377976 0.119028 0.0386356 0.299178
21 0.48079 0.363048 0.0566531 0.0393026 0.290814
20 0.303163 0.242422 0.0619738 0.0412782 0.284171
18 0.208671 0.627802 0.0755616 0.0417511 0.27078
19 0.354187 0.188443 0.0381789 0.0480767 0.266239
22 0.66465 0.787676 0.11074 0.0911395 0.937115
0 0.720815 0.573226 0.145072 0.0901611 0.923346
1 0.639975 0.478149 0.128613 0.146405 0.922107
4 0.746485 0.679975 0.098717 0.132462 0.921103
1 0.825981 0.348098 0.117837 0.127361 0.917256
8 0.0693329 0.43902 0.115841 0.108568 0.915399
12 0.733244 0.534506 0.0438416 0.0962129 0.903832
8 0.821952 0.910531 0.123995 0.115228 0.903133
13 0.935461 0.8331 0.0577038 0.099756 0.899998
3 0.109289 0.210703 0.07866 0.146453 0.899699
9 0.53378 0.75663 0.126583 0.0786093 0.895709
10 0.166725 0.392702 0.0688282 0.112956 0.890912
3 0.321202 0.716543 0.0624345 0.163455 0.877904
4 0.485088 0.534134 0.114831 0.0832561 0.877815
0 0.805628 0.723186 0.165978 0.0802101 0.875674
2 0.902096 0.595987 0.0638706 0.151148 0.875013
9 0.779343 0.574909 0.0988174 0.0811671 0.872273
5 0.544004 0.828076 0.0682907 0.102298 0.87172
5 0.672577 0.760276 0.0989977 0.0742091 0.86868
7 0.8222 0.46788 0.0999919 0.0526749 0.85908
7 0.613398 0.463349 0.0804843 0.0910184 0.858595
15 0.152823 0.0445112 0.0364179 0.0837387 0.85818
18 0.208379 0.302285 0.0386312 0.0642967 0.855829
12 0.402802 0.624894 0.0410323 0.0927156 0.850459
19 0.376979 0.830216 0.0510387 0.0589392 0.850331
11 0.457089 0.509439 0.084251 0.104358 0.848848
16 0.469082 0.702605 0.0472091 0.0770246 0.842751
15 0.56095 0.63482 0.0616325 0.0622425 0.837961
2 0.588625 0.408748 0.138421 0.0702768 0.836976
11 0.577451 0.405266 0.0684958 0.0880732 0.836868
6 0.626462 0.56148 0.0957817 0.0672979 0.835047
13 0.419306 0.329013 0.048288 0.0963385 0.833136
8 0.589364 0.408501 0.139135 0.0723788 0.832788
6 0.470858 0.370386 0.0948166 0.0567032 0.831969
16 0.623547 0.71998 0.0620614 0.0488513 0.819397
17 0.214689 0.248707 0.0453581 0.0594933 0.806333
18 0.647488 0.816065 0.0580801 0.0332285 0.801547
23 0.38083 0.420052 0.0546792 0.0354679 0.775071
19 0.853528 0.247433 0.0473389 0.056188 0.769523
17 0.23784 0.186424 0.058044 0.0533124 0.766001
14 0.503601 0.596802 0.0340014 0.0871134 0.753933
20 0.723309 0.597434 0.0279087 0.0478922 0.750037
20 0.88267 0.218956 0.0449152 0.0534147 0.728944
21 0.407611 0.495622 0.0530904 0.0599983 0.718421
10 0.729923 0.90402 0.11881 0.0436521 0.715598
14 0.52045 0.479999 0.074338 0.0381747 0.670867
21 0.550974 0.455284 0.04851 0.043378 0.669767
22 0.0587746 0.73355 0.076957 0.120232 0.912658
11 0.595278 0.647872 0.0907228 0.0848224 0.907748
2 0.721156 0.455936 0.0919412 0.163595 0.903349
0 0.929881 0.842317 0.106056 0.1444 0.899574
0 0.251241 0.807873 0.155063 0.106631 0.894468
4 0.437329 0.190036 0.0827228 0.133448 0.862916
3 0.560077 0.451814 0.0405754 0.173416 0.860615
10 0.61475 0.271782 0.0780377 0.0944052 0.859835
14 0.753525 0.368113 0.0438056 0.105411 0.855215
14 0.624922 0.586109 0.0417522 0.110333 0.853792
7 0.711088 0.738085 0.0949794 0.0742368 0.853498
15 0.76269 0.573795 0.0338739 0.0928547 0.851148
4 0.778671 0.522237 0.0485681 0.169662 0.846944
6 0.745512 0.859232 0.0904038 0.0709096 0.834779
22 0.516831 0.419581 0.0441917 0.123427 0.833764
9 0.330429 0.838402 0.0538168 0.179551 0.833407
8 0.467064 0.464344 0.0757211 0.123342 0.832937
5 0.474599 0.496207 0.0719182 0.109296 0.832918
8 0.871778 0.471585 0.0491821 0.174944 0.832289
3 0.721486 0.2544 0.0526938 0.167594 0.83187
12 0.677854 0.194018 0.0605047 0.088405 0.818295
6 0.869577 0.663159 0.0480873 0.110656 0.817582
19 0.834076 0.6661 0.0414411 0.0742781 0.814112
12 0.660039 0.629764 0.0608638 0.0868002 0.805802
5 0.379265 0.824138 0.0364583 0.150227 0.798284
21 0.639682 0.621825 0.026331 0.0759661 0.796688
19 0.585547 0.387908 0.0359643 0.0748274 0.794879
2 0.738378 0.249863 0.0834076 0.166001 0.793107
18 0.746049 0.825519 0.0493112 0.0621737 0.792973
17 0.521102 0.344074 0.0502589 0.0648925 0.792735
1 0.53406 0.71055 0.163104 0.0598485 0.78444
10 0.724454 0.712575 0.0470181 0.144733 0.782492
1 0.466119 0.508807 0.0922015 0.147724 0.778602
13 0.40734 0.526931 0.0437388 0.0962691 0.766831
11 0.870934 0.117058 0.0323758 0.136374 0.756193
18 0.667315 0.561341 0.0439247 0.0632858 0.755575
13 0.911036 0.537047 0.0317248 0.11719 0.754288
15 0.79449 0.547437 0.0621341 0.0812059 0.750679
9 0.568824 0.263802 0.100098 0.0615761 0.745776
7 0.627791 0.501658 0.084794 0.0630669 0.714263
17 0.678352 0.289376 0.0556179 0.0483574 0.700753
21 0.894252 0.749319 0.0495221 0.0482471 0.664239
20 0.649298 0.531423 0.0335375 0.0575304 0.639237
16 0.866016 0.108301 0.0653444 0.0503332 0.632562
16 0.337155 0.797743 0.0700643 0.0455995 0.609872
20 0.688855 0.760916 0.0399264 0.0545321 0.605541
2 0.721465 0.25398 0.0524811 0.165996 0.55359
3 0.465138 0.46498 0.074371 0.123628 0.292628
16 0.86528 0.117625 0.0632654 0.0500563 0.257803
